3,55
1,51
9,4
9,3
9,2
9,1
9,0
8,4
8,3
8,2
8,1
8,0
7,3
5,3
4,3
3,2
2,2
1,2
0,9
1,45
3,72
3,44
2,76
2,44
1,44
3,71
3,43
2,43
1,43
3,42
2,75
2,42
1,76
1,42
3,70
3,41
2,74
2,41
1,77
1,41
3,69
3,40
2,73
2,40
1,40
3,68
3,39
2,72
2,39
1,39
3,67
3,38
2,71
2,38
1,75
1,38
3,66
3,37
2,70
2,37
1,74
1,37
3,65
3,36
2,69
2,36
1,73
1,36
3,64
3,35
2,68
2,35
1,35
3,63
3,34
2,67
2,34
1,34
3,62
3,33
2,66
2,33
1,33
3,61
3,32
2,65
2,32
1,32
3,60
3,31
2,31
1,67
1,31
3,30
2,30
1,68
1,30
3,58
3,29
2,64
2,29
1,29
3,28
2,28
1,50
1,28
3,27
2,27
1,27
3,26
2,26
1,65
1,26
3,25
2,60
2,25
1,64
1,25
3,80
3,24
2,59
2,24
1,63
1,24
3,54
3,23
2,23
1,62
1,23
3,79
3,22
2,22
1,61
1,22
3,78
3,21
2,21
1,60
1,21
3,53
3,20
2,20
1,59
1,20
3,77
3,19
2,54
2,19
1,58
1,19
3,51
3,18
2,53
2,18
1,57
1,18
3,50
3,17
2,51
2,17
1,56
1,17
3,46
3,16
2,52
2,16
1,55
1,16
3,52
3,15
2,78
2,15
1,54
1,15
3,14
2,49
2,14
1,53
1,14
3,13
2,50
2,13
1,52
1,13
3,49
3,12
2,48
2,12
1,12
3,48
3,11
2,45
2,11
1,11
3,47
3,10
2,10
1,49
1,10
3,9
2,9
1,48
1,9
3,45
3,8
2,47
2,8
1,47
1,8
3,7
2,46
2,7
1,7
3,6
2,6
1,6
3,74
3,5
2,5
1,78
1,5
3,4
2,4
1,4
3,73
3,3
3,0
2,77
2,3
2,0
1,79
1,3
1,0
0,6
0,0
0,47
0,46
0,49
0,48
0,45
0,12
0,10
0,8
0,11
0,5
0,7
0,4
0,3
